39589405842
13247780442
29716702422
28929648784
17996179321
44785828775
2797581682
20210684319
34266411498
52748320629
21027369907
16463973740
14742165928
38221477842
48752095124
5468268836
15050919317
29402316434
447213890
39540662290
21254932120
45245932197
41717536131
46773986032
54646093177
24729232355
22011818452
22847142440
26519752501
22020934791
1612952448
8553888042
53857993677
4198941381
46736725772
54080825746
4875532941
6382560840
33461580029
45492912376
27358894238
17667362504
22348216065
36790440599
32209719964
49949187621
23829287449
39737740332
1420285390
18444451358
4588269991
21507514359
20502379943
16576497456
45836644075
28231842317
8742658320
24334965964
36711661399
55085787320
53862682878
5643707481
54518737431
54320572754
35202972267
19034842573
27631132096
7691020857
49011704676
28364415698
36985374056
19921071543
220382038
20274391105
26126947121
93678031
17270802326
23945277609
3971843764
22038080879
42049336893
53720915908
10214021265
18585774355
51428069474
56409893802
55791228117
49587887686
32672820846
14723103556
52529135328
2582526894
21568032915
42166590257
15519290813
21150789336
12340636198
2538391710
12982330997
44816285344
18047163613
55935154918
36289114193
51553377545
27937464619
52363624057
45170521065
19777718045
28220773650
10444272121
24402822880
22836727185
10401215448
38742293081
25288848581
17462214921
23520752212
26969114552
19890379208
52769119986
36210193420
52170268373
37951612186
56121404221
3922194479
26429517193
282614219
46405647002
49998516631
4534741729
43208107272
36586927344
16696043767
26522756763
50443320376
52889728979
918970222
20592652343
2452200133
4879340443
17435005649
8687956947
24832722849
16715921110
19039923363
47945272591
45334156307
55376323656
24641030714
7005466161
12257592307
50472048668
49265044253
17873382051
1295274034
7832233977
11347457231
5948340858
287816352
32831988359
49380650699
33013570343
45139010230
2910397500
43104186586
24286603107
13617032327
34593470631
14767183065
50910014992
3897531124
55915153185
38881566575
9316740910
33834039101
51676465835
24188061239
10456401778
9075209305
10181110029
23235511854
54998993443
18401488282
44834547401
31743749701
32413503509
39777913452
30843940666
31931265582
15018618723
15111904733
28208256596
51591702059
25160804914
43699407752
1241386875
32627892744
36454548630
30057974676
4579297506
23958297509
19209282491
49986846670
1875571587
9255137643
6184415692
16859154132
48679092594
31195262230
13894680824
24936078268
10832207411
52743252789
6184222929
5150487693
13399515539
5502801870
47359298031
22676410
12543484285
44800015184
43033298896
31345435682
11808390256
14062755360
42516421358
53278832845
42329156062
8575728655
43972889613
39674577498
47546694594
7431478343
55282832053
14528543751
4341216126
8001723024
47152881559
33598197365
25276521169
32263719526
23544965972
6861190759
34461581548
12940280820
4856477886
5996311870
44238694260
13454501693
22174920254
51296651599
23484311758
20239438188
7159847366
7711290635
17050142321
32535424828
47258981937
53561316018
41060446530
54173607593
44542982577
45741506285
1089137817
45202280272
15850583267
36128445533
21694998130
46937394
29333841524
22705579697
28267006215
39243008751
54368750977
4035482553
53253114693
34353182362
35667323288
56664531014
13734970900
22325029926
31753397152
8523628015
47791774620
49070727412
38031082526
23973901860
43133172913
6087408513
9588499516
42528667293
48499906789
18041268108
37138006822
56539981718
49500213278
11337402832
335321013
24396743918
54216909349
6586601598
56568162435
41725733506
47516153237
9828739780
15921777056
11178992674
17854880174
23258695756
31454623934
8512642968
48022493354
6132466725
38145631923
5714542777
36854637580
33870046365
55538658437
35491590179
17077771781
30265966961
39809866489
21073622194
39466155699
33143975490
1994022086
13910192652
15313352676
1631009031
41879195330
15696071127
36187100821
40778241439
31986031221
24637430862
28540812669
4490717983
22258058734
45909745359
9783455251
21774859693
51979530707
5697643419
17288673823
47576213440
37389851656
26531509627
35057787099
56163683268
40087454877
11534640796
55128950560
6172735662
27206389703
15188596145
33422080370
15364062329
18289087961
51657921337
22715043546
6673118246
15971620084
15240501895
480457251
55678702086
41079293015
9405214399
42564340750
17710661044
37420041926
17252957679
17340878551
29137012948
35759887447
6808451253
6800220839
4532361170
16880044624
49620738778
6550421805
47392229072
2204013218
39868706569
25183653535
48324325532
48566564794
8028574646
4258826730
35685549811
21233355772
37355141506
40100582365
4280892156
27476608227
18288693510
35532509294
20306757773
31777532034
25876867851
22043281324
33275011095
56341825713
36563886070
26179524637
27419547464
33357352710
5227446954
11456470830
48195597560
48803394009
53550604922
38222049350
23365451714
18949038360
39348424605
7671237061
51993157161
23989598874
16360763366
39755473243
24403719647
54213595376
5393772383
30337228668
46961881401
14909350613
38056644508
34927284973
43067964957
34500398560
41143264872
1182430649
30243543401
36936299514
50729257517
1908550932
48696310178
47093593120
12283783892
32191872050
6094154181
29137676421
11058502582
11805388528
5911840228
6093650641
17098182559
26332184664
12306615518
4822698398
42129115881
31564415272
28113705473
47458830555
53376070914
38370055594
167802043
41198185509
41868978969
34278849537
4525953831
7457245757
4259824131
28139592558
56645457987
14521236958
11234248217
7868558907
48793791289
54166272443
16918309062
15508455178
53677582991
38014583132
8288863269
43687458128
12270755325
18009260818
529611104
2015705069
52383369465
4069687613
53177633775
44279873353
28211831198
38692356231
44127047118
45505371478
36082916120
56761553948
45391956150
16399995501
54971219107
36188764743
16822401671
42848741732
44522230277
13451254638
17531820109
48285853659
46219033164
44975875511
51258822281
11011467097
1384057147
49843100165
3113637755
35821712109
31024213884
43259590185
47662267143
8594048221
38312503631
22576378152
51300065267
28117799624
37034302788
18573343312
18453372558
17877602099
3585666788
46135599932
42267880408
32538788706
15022958290
44105673655
28300635311
6455783571
27625978626
43649439356
3656657858
19894967202
24385936114
41808342935
38525544085
37185972919
15557939336
17877647335
2768275480
8930246538
48224441749
18298703048
49221195798
43327984402
8996306742
20123654951
33749655521
6814509780
9737562263
13715995428
28281707296
25502997243
3297603250
22391144751
9793136071
15183394459
41581622134
82187078
1811985844
31679053132
30306688222
10446646710
3025797644
11210163773
44942385416
14089712043
4314546254
44266087707
26542928547
48119920224
34299574479
35065285984
52119310433
1587578191
53270452425
6254451240
16928470231
54929594039
50455181989
28762913211
55019320097
28872983045
6224025400
50231845591
27597271329
43961337849
7004363476
96892578
16758118388
48269364564
15435198293
34771397014
20586324852
8719362745
19015921889
12530741950
13978784129
20151461970
54494203903
53249018240
25576280533
31493056492
40905250235
35416022604
54024940871
26710138295
20578630381
52200682336
18855132762
38627460022
29551602262
33764306287
6783290835
26047006844
52739820474
3267365983
17859020048
26995312984
6284147178
32234841092
43942522336
36389242234
55421067463
15064602337
29015652676
40098670708
29745444289
5602680406
17120279041
32630358799
38311114760
36917940154
33413762136
10879511344
55578467213
16847229609
44029227531
571151918
24058872993
34336174971
10384935105
18027801370
19024992102
24245189862
22664397610
4586108188
13667838304
15646863225
1335541133
14835770574
22537501473
7035898063
41912027173
46008030202
37313016856
1879452800
40865903418
16274543870
50866167600
31036751021
8327720091
42328325872
8290688649
27638207895
39852903505
44867014297
56086031012
7892443843
17336651978
45703535108
51357677744
18015852949
38250579433
13663483687
50911699223
13560039613
49530070338
36303226231
44554662049
42072925038
5119570227
18481798974
51336370338
25540583318
12265998670
29547722860
6487358281
29341462732
2611727436
19651318173
52008451120
28303130472
21986511644
29439172497
50131505712
31520703206
46166934464
39663589234
27528987191
56395698971
38977392490
46663907969
39684309832
14170546251
32276278866
34817273184
8924949009
47733487337
39695634557
39757900239
52734478144
8862881780
35322413389
1321662178
34579386046
16491438588
4055680836
7198402996
35444386034
4568962600
28089042791
33243692013
34634142934
53674282681
36081831548
27176568094
32403726221
31570686705
521874603
40495297740
15668001213
6215147374
10340928056
33498480721
18211407974
32856912507
47802343645
1637580742
50987352432
9606279065
39919512795
25460127027
14518482601
46709082473
17837418878
31386965697
11900602124
12300168174
38932539406
14864769913
29500862355
43994757969
40829215929
13735502134
3404982044
25192981173
14655468862
10923780773
12049208019
42392035113
3998060913
7153172342
20826337672
35824016793
56417614079
28659697831
18765184374
24801967957
36353083805
49128636662
41222689688
30706096923
49624391476
39000326273
35359641863
39768154653
10745398660
53056554139
50595517488
2177444900
27030005707
55581034124
23777607268
19391637436
51453239043
12506876442
9532562096
54113144972
41259939616
1160731943
7628800446
7167187598
34256480158
13855171656
25497087808
3259776298
27178674458
53124477968
41236875393
10725806954
2169253797
42517618067
1863373908
56710988546
44281386035
9421348434
14304470134
24879402829
1119920577
23418949798
25849455195
47325149768
16765664353
10471460912
56218982539
7018255344
35387072643
46591046397
49815689104
54021600861
4816885643
30594223254
55564200609
32727233790
26468126123
15052336891
11681981157
49398395726
38552085228
47295653742
39108014885
40727174385
39115835752
41057032689
37183442859
25931046863
4944057157
890132160
42423675548
49020943324
12301191763
56448950378
48671643911
41493817013
37473162795
6100495135
53189776700
18142708242
47871001232
4585563935
10658648397
33651256414
48790680277
36472069931
54462889713
1447010308
32425542671
45000504026
48559767058
50990642649
16555673186
56671388113
48207557763
14402968806
8736789034
55192305908
9935290081
47018188830
38698684266
48148294905
16274177047
25465733102
41150770716
14068007123
24472721808
29750986788
47173158515
41272563590
47960243602
21166662962
22965613237
23576584627
22931030111
33067759257
23387751268
27327092154
31271827147
25660115617
2222950167
18834516238
42727363732
36510211482
49234738565
38181175535
23884478844
47956332890
48960327487
53476880107
27718867525
40450201449
23143415845
53377829195
6240040159
3945715834
48620632716
1591511152
10861263861
52198712723
44866174517
29175717019
12689772841
24019775298
53299098798
9578678887
36190632312
40084224998
44798620935
26424512688
34601386619
19856843445
17357018297
24154986160
32214019454
13977977709
43713662328
8622274619
13010000577
10773477482
874580442
13866910163
17986533159
26728572549
28900084439
37481870978
7705675281
35059660891
52515441431
33077521695
36330950723
47039552541
50223110038
18408129777
17866052564
29532404200
50364853786
22181820258
16825609935
8990130170
12396154859
49231038876
11454772881
957800333
26543292691
8669892392
52430862113
42054305246
33479934649
15300076661
17408042736
42565950105
27120816514
24408319263
1500356804
20368854528
26713563733
55176143879
6509675384
42835496833
3757423734
4149255034
49683116168
43915905717
20014399866
2470829067
49790486418
35561863714
52179740279
49072205313
18179007854
27350050699
30286643045
29598171474
37358178305
37732641253
55448821572
37114125749
1920188557
51963897662
20206349187
48329289182
13934163940
31587938486
25113915346
53417953854
26922296667
20777656911
32603589405
24368543355
39161467017
41528893932