49231038876
31679053132
26531509627
5602680406
35561863714
20239438188
16463973740
14742165928
43687458128
47392229072
46219033164
24637430862
6814509780
8001723024
22847142440
1591511152
48620632716
56539981718
41879195330
16758118388
15557939336
4585563935
41717536131
39777913452
30843940666
21254932120
24396743918
51963897662
282614219
32263719526
54080825746
34817273184
39684309832
27638207895
45703535108
41808342935
17336651978
16555673186
47325149768
37389851656
46773986032
15018618723
55085787320
12257592307
48195597560
7159847366
44127047118
17340878551
38932539406
17877602099
16274543870
55448821572
45909745359
54213595376
36210193420
11681981157
19651318173
28303130472
44816285344
33243692013
21150789336
36917940154
11337402832
18298703048
56710988546
33651256414
39000326273
54216909349
39674577498
7868558907
287816352
36985374056
38031082526
15240501895
28872983045
56086031012
7018255344
16765664353
40495297740
38742293081
6800220839
38221477842
45391956150
48499906789
36188764743
2452200133
6284147178
3971843764
22043281324
48119920224
17357018297
17837418878
43104186586
571151918
9737562263
29598171474
20502379943
40087454877
8553888042
42054305246
29439172497
48696310178
43259590185
38181175535
20123654951
15435198293
7671237061
41493817013
55376323656
34336174971
48566564794
14304470134
34927284973
19921071543
25460127027
43713662328
20368854528
35491590179
6254451240
43649439356
5227446954
31564415272
32672820846
7628800446
3656657858
6087408513
35387072643
3945715834
6215147374
1811985844
4816885643
26710138295
25113915346
29333841524
28900084439
2222950167
52743252789
35667323288
24286603107
32234841092
1587578191
48285853659
14521236958
16576497456
12530741950
24368543355
18855132762
8669892392
41528893932
15921777056
17435005649
49221195798
49500213278
8687956947
23365451714
54494203903
22181820258
7431478343
20206349187
23143415845
18142708242
19209282491
39589405842
26332184664
28300635311
13894680824
54113144972
48679092594
4856477886
26728572549
7167187598
890132160
56671388113
7005466161
23418949798
54024940871
24402822880
41198185509
42423675548
51676465835
11058502582
41150770716
1875571587
22325029926
50364853786
28540812669
15646863225
43699407752
1637580742
33077521695
21507514359
15668001213
47546694594
45245932197
40084224998
93678031
52739820474
52769119986
19391637436
24019775298
47093593120
18573343312
16928470231
38698684266
41057032689
42049336893
3404982044
52383369465
15022958290
26713563733
3757423734
37420041926
44238694260
34266411498
31587938486
22836727185
53417953854
22664397610
52179740279
2470829067
7153172342
21568032915
33067759257
40727174385
6132466725
1500356804
41222689688
55935154918
34634142934
51336370338
47152881559
38627460022
18481798974
18179007854
37114125749
24058872993
51553377545
48793791289
13715995428
47295653742
4314546254
53299098798
24472721808
34461581548
6673118246
5911840228
42267880408
46135599932
55176143879
27625978626
36472069931
31931265582
22011818452
27327092154
29745444289
21027369907
36389242234
33461580029
17270802326
11900602124
41060446530
22676410
44542982577
1863373908
37473162795
20586324852
10725806954
19015921889
15508455178
27476608227
51591702059
18288693510
35444386034
12340636198
4525953831
24334965964
51979530707
17288673823
29341462732
18027801370
51300065267
35532509294
8512642968
55192305908
30265966961
8523628015
10773477482
29500862355
1160731943
38881566575
5996311870
51357677744
21166662962
35416022604
52200682336
167802043
53124477968
35759887447
46405647002
17859020048
8327720091
9255137643
18289087961
35359641863
49234738565
10879511344
49620738778
14062755360
23884478844
23258695756
22020934791
11178992674
11347457231
53561316018
44554662049
24832722849
47516153237
39919512795
12689772841
4035482553
28117799624
1879452800
6172735662
32191872050
21986511644
14864769913
34593470631
8924949009
1420285390
30243543401
53862682878
26922296667
32403726221
6808451253
5502801870
52515441431
34353182362
33422080370
6550421805
49398395726
54518737431
19890379208
47258981937
48671643911
28231842317
45334156307
28281707296
39540662290
40450201449
32413503509
53253114693
42328325872
29750986788
8290688649
874580442
31195262230
8622274619
47960243602
47458830555
55791228117
52748320629
55915153185
47791774620
1182430649
32425542671
5643707481
56218982539
4588269991
41868978969
7705675281
38014583132
6184415692
16859154132
55421067463
48148294905
35065285984
31743749701
16715921110
45741506285
13978784129
54173607593
32856912507
957800333
19034842573
56448950378
51993157161
2768275480
8996306742
17877647335
22391144751
50131505712
17408042736
5468268836
20306757773
11534640796
7832233977
15064602337
10214021265
38692356231
44279873353
46937394
27176568094
41581622134
29137012948
54971219107
17986533159
12506876442
36563886070
4534741729
38056644508
45836644075
25288848581
4198941381
32630358799
18408129777
50223110038
52363624057
43972889613
3297603250
34601386619
15971620084
13010000577
50455181989
12049208019
1321662178
9405214399
23484311758
4822698398
50729257517
23387751268
49380650699
29716702422
24408319263
27120816514
16274177047
49128636662
11234248217
33479934649
37951612186
55128950560
24403719647
7004363476
47359298031
9075209305
13451254638
27718867525
37138006822
30057974676
7691020857
23777607268
44266087707
6783290835
7035898063
17098182559
39115835752
23829287449
33357352710
43915905717
55019320097
24188061239
4069687613
23576584627
10471460912
10401215448
8990130170
45505371478
43961337849
5150487693
27597271329
48803394009
10456401778
49986846670
23945277609
26969114552
32727233790
55581034124
1908550932
52008451120
17050142321
16822401671
28659697831
8719362745
6586601598
36711661399
43067964957
6487358281
22576378152
26126947121
31520703206
15364062329
7892443843
480457251
50231845591
20592652343
33143975490
53177633775
33498480721
49265044253
54166272443
8594048221
16491438588
36303226231
48752095124
34278849537
31753397152
26424512688
24154986160
32214019454
1089137817
44975875511
36081831548
35202972267
29175717019
39243008751
3025797644
27631132096
1241386875
23520752212
23235511854
27350050699
37732641253
29137676421
56395698971
6093650641
27419547464
16696043767
9532562096
36790440599
35322413389
50443320376
17252957679
54021600861
4258826730
13667838304
53377829195
18949038360
31271827147
6861190759
2910397500
36510211482
6100495135
14909350613
53674282681
53249018240
49624391476
9606279065
1335541133
20777656911
37358178305
2538391710
41725733506
15850583267
25576280533
1447010308
49843100165
9578678887
25192981173
17077771781
44867014297
52889728979
39809866489
42392035113
49683116168
10832207411
4586108188
4341216126
15111904733
38222049350
17120279041
40865903418
20274391105
5714542777
46663907969
25465733102
30706096923
5393772383
47871001232
4259824131
38312503631
17462214921
4280892156
12301191763
28089042791
39348424605
10384935105
10444272121
9828739780
14402968806
17667362504
18009260818
22348216065
28929648784
41259939616
39161467017
19894967202
13454501693
13934163940
14528543751
2611727436
24729232355
30306688222
4879340443
34579386046
14723103556
25497087808
18834516238
13663483687
6382560840
36586927344
43208107272
56645457987
44029227531
1295274034
1612952448
43327984402
26995312984
14518482601
15300076661
46709082473
32276278866
13735502134
12306615518
51296651599
33834039101
39737740332
27030005707
50990642649
21233355772
53550604922
38370055594
9588499516
34299574479
3585666788
220382038
48022493354
17531820109
4490717983
10861263861
42727363732
15519290813
34500398560
41143264872
56568162435
3267365983
56121404221
50910014992
44785828775
42564340750
18444451358
29015652676
6455783571
9316740910
38525544085
47733487337
10340928056
18453372558
49998516631
18401488282
33749655521
30337228668
39768154653
14835770574
17854880174
15052336891
33764306287
28267006215
50987352432
22537501473
36330950723
5119570227
1119920577
42329156062
47576213440
42565950105
36190632312
46736725772
4579297506
51453239043
39852903505
40098670708
18015852949
8028574646
35685549811
2177444900
25849455195
3259776298
13910192652
49020943324
28113705473
52529135328
6224025400
26179524637
19856843445
36289114193
12982330997
53189776700
29532404200
2204013218
55564200609
26543292691
33598197365
38311114760
36187100821
42072925038
42848741732
16399995501
7457245757
53056554139
9421348434
51258822281
11011467097
2169253797
49011704676
15188596145
37183442859
27358894238
12270755325
14767183065
14655468862
529611104
918970222
4944057157
54646093177
11454772881
35057787099
4055680836
13399515539
3998060913
34256480158
8288863269
33870046365
51657921337
22715043546
28139592558
25540583318
44834547401
53476880107
52430862113
17873382051
41236875393
25660115617
54462889713
24245189862
25183653535
31570686705
521874603
41912027173
5948340858
39663589234
25876867851
47018188830
53720915908
13617032327
42129115881
10923780773
23973901860
46591046397
50472048668
55282832053
56761553948
7198402996
37481870978
39757900239
18041268108
13247780442
26542928547
20151461970
335321013
47945272591
46961881401
12543484285
28208256596
48207557763
47802343645
15696071127
8930246538
18047163613
23989598874
42166590257
12265998670
10745398660
53278832845
52170268373
8736789034
2015705069
22965613237
21073622194
17710661044
20014399866
52734478144
43133172913
39695634557
3113637755
47662267143
13560039613
1631009031
52119310433
53677582991
50866167600
38145631923
27528987191
1920188557
55578467213
39868706569
30286643045
47956332890
11210163773
16918309062
26468126123
14089712043
15050919317
40778241439
10181110029
18765184374
24801967957
4568962600
29402316434
3922194479
44798620935
56664531014
54929594039
55678702086
2797581682
20210684319
41079293015
44105673655
14170546251
13734970900
56409893802
4149255034
6240040159
82187078
35821712109
36936299514
15183394459
9793136071
6184222929
42528667293
39108014885
45492912376
43942522336
45139010230
44800015184
32603589405
25160804914
44866174517
29551602262
49815689104
34771397014
35059660891
28220773650
8575728655
37034302788
26047006844
9935290081
28364415698
46008030202
53270452425
28211831198
22931030111
22174920254
49587887686
36128445533
40905250235
38250579433
13855171656
50911699223
2582526894
15313352676
11456470830
36082916120
37313016856
38977392490
11808390256
43033298896
19039923363
10446646710
40100582365
25276521169
16360763366
32535424828
96892578
49072205313
48269364564
4532361170
47039552541
5697643419
8742658320
25502997243
42516421358
27206389703
4875532941
31454623934
42835496833
12940280820
41272563590
43994757969
51428069474
28762913211
12396154859
56163683268
20578630381
45000504026
27178674458
20826337672
14068007123
31036751021
36854637580
33013570343
27937464619
45170521065
30594223254
44942385416
44522230277
33413762136
39755473243
35824016793
48329289182
48324325532
48790680277
19777718045
31493056492
10658648397
19024992102
32627892744
46166934464
31386965697
40829215929
24385936114
18585774355
39466155699
8862881780
25931046863
48559767058
53376070914
49790486418
47173158515
56341825713
11805388528
447213890
17866052564
9783455251
26519752501
31024213884
31986031221
36353083805
54998993443
24879402829
29547722860
45202280272
6094154181
26429517193
32831988359
36454548630
23958297509
32538788706
26522756763
49070727412
32209719964
17996179321
24936078268
37355141506
21694998130
1994022086
7711290635
56417614079
49530070338
12300168174
22038080879
13977977709
23544965972
33275011095
48960327487
22258058734
16847229609
31345435682
42517618067
52198712723
18211407974
53857993677
54320572754
54368750977
16880044624
48224441749
16825609935
24641030714
44281386035
1384057147
31777532034
12283783892
38552085228
49949187621
6509675384
3897531124
13866910163
50595517488
22705579697
37185972919
21774859693
55538658437